Rihanna: 3.5
Taylor: 1.7999999999999998
Selena: 0.8999999999999999
Shakira: 4.4